"accumulatedFirstCnt","accumulatedSecondCnt","accumulatedThirdCnt","baseDate","firstCnt","id","secondCnt","sido","thirdCnt","totalFirstCnt","totalSecondCnt","totalThirdCnt"
44799668,44300451,30457447,"2022-02-21",305,6253,520,"전국",7253,44799973,44300971,30464700
44793441,44290944,30321882,"2022-02-20",6210,6235,9489,"전국",135404,44799651,44300433,30457286
44781818,44275601,30073431,"2022-02-19",11230,6217,14884,"전국",241964,44793048,44290485,30315395
44770186,44263131,29902488,"2022-02-18",8968,6199,9818,"전국",165994,44779154,44272949,30068482
44759063,44251678,29772287,"2022-02-17",9073,6181,9397,"전국",126490,44768136,44261075,29898777
44747612,44239362,29631914,"2022-02-16",9603,6163,10520,"전국",137278,44757215,44249882,29769192
44735534,44224116,29436831,"2022-02-15",10247,6145,13434,"전국",191303,44745781,44237550,29628134
44731422,44219791,29421672,"2022-02-14",331,6127,536,"전국",8100,44731753,44220327,29429772
44725665,44207604,29252468,"2022-02-13",5741,6109,12160,"전국",168995,44731406,44219764,29421463
44717281,44187867,28945086,"2022-02-12",8153,6091,19226,"전국",299859,44725434,44207093,29244945
44709471,44172060,28738736,"2022-02-11",5857,6073,13654,"전국",201735,44715328,44185714,28940471
44702813,44157689,28591187,"2022-02-10",5118,6055,12700,"전국",144416,44707931,44170389,28735603
44695583,44140144,28426995,"2022-02-09",5747,6037,15872,"전국",160841,44701330,44156016,28587836
44685645,44116017,28179462,"2022-02-08",8209,6019,22280,"전국",245413,44693854,44138297,28424875
44682004,44111790,28165353,"2022-02-07",453,6001,923,"전국",11875,44682457,44112713,28177228
44674704,44093746,27961180,"2022-02-06",7282,5983,18022,"전국",204118,44681986,44111768,28165298
44662073,44058071,27601945,"2022-02-05",12250,5965,34803,"전국",350471,44674323,44092874,27952416
44646116,44001773,27271785,"2022-02-04",12217,5947,51835,"전국",323149,44658333,44053608,27594934
44641252,43996436,27257075,"2022-02-03",415,5929,693,"전국",10609,44641667,43997129,27267684
44641155,43996254,27254310,"2022-02-02",80,5911,155,"전국",2439,44641235,43996409,27256749
44640551,43995292,27235269,"2022-02-01",591,5893,949,"전국",18987,44641142,43996241,27254256
44639820,43993836,27210434,"2022-01-31",611,5875,1292,"전국",23358,44640431,43995128,27233792
44631656,43971362,26870276,"2022-01-30",8132,5857,22432,"전국",339919,44639788,43993794,27210195
44618225,43934192,26365130,"2022-01-29",13050,5839,36227,"전국",493084,44631275,43970419,26858214
44606876,43906849,26048511,"2022-01-28",9020,5821,24645,"전국",310711,44615896,43931494,26359222
44596652,43880525,25791626,"2022-01-27",8393,5803,24107,"전국",251732,44605045,43904632,26043358
44585873,43849560,25546791,"2022-01-26",9046,5785,28855,"전국",240502,44594919,43878415,25787293
44572526,43807070,25248140,"2022-01-25",11513,5767,40098,"전국",294712,44584039,43847168,25542852
44568744,43801866,25232724,"2022-01-24",555,5749,1819,"전국",13181,44569299,43803685,25245905
44559381,43783899,24974591,"2022-01-23",9349,5731,17952,"전국",258013,44568730,43801851,25232604
44544190,43725097,24505409,"2022-01-22",14999,5713,57579,"전국",460192,44559189,43782676,24965601
44532026,43678627,24222950,"2022-01-21",10273,5695,43941,"전국",277176,44542299,43722568,24500126
44520545,43632093,24006560,"2022-01-20",9980,5677,44538,"전국",212471,44530525,43676631,24219031
44506949,43584079,23743311,"2022-01-19",12092,5659,46371,"전국",261355,44519041,43630450,24004666
44489285,43511154,23356257,"2022-01-18",15991,5641,70974,"전국",384948,44505276,43582128,23741205
44484829,43504046,23337136,"2022-01-17",764,5623,3388,"전국",16867,44485593,43507434,23354003
44471712,43474764,23031231,"2022-01-16",13094,5605,29262,"전국",305847,44484806,43504026,23337078
44449259,43383941,22451319,"2022-01-15",21966,5587,88347,"전국",564635,44471225,43472288,23015954
44431291,43305648,22107009,"2022-01-14",15881,5569,75964,"전국",335121,44447172,43381612,22442130
44413241,43222788,21822604,"2022-01-13",16225,5551,80570,"전국",279243,44429466,43303358,22101847
44391132,43147364,21478958,"2022-01-12",19894,5533,72324,"전국",336295,44411026,43219688,21815253
44364107,43035454,21034417,"2022-01-11",24830,5515,109187,"전국",438062,44388937,43144641,21472479
44358477,43025986,21016200,"2022-01-10",1029,5497,4464,"전국",15281,44359506,43030450,21031481
44342202,42955341,20669507,"2022-01-09",16290,5479,70645,"전국",346590,44358492,43025986,21016097
44316407,42848328,20071116,"2022-01-08",25531,5461,105043,"전국",580781,44341938,42953371,20651897
44294349,42760695,19687681,"2022-01-07",19361,5443,84088,"전국",367248,44313710,42844783,20054929
44271406,42682820,19353036,"2022-01-06",20565,5425,74703,"전국",320870,44291971,42757523,19673906
44242406,42625388,18985863,"2022-01-05",26368,5407,54370,"전국",351030,44268774,42679758,19336893
44199519,42543236,18494195,"2022-01-04",39839,5389,78260,"전국",471638,44239358,42621496,18965833
44282824,42601724,18477458,"2022-01-03",1878,5371,2185,"전국",16209,44284702,42603909,18493667
44278521,42596757,18442636,"2022-01-02",4202,5353,4858,"전국",34112,44282723,42601615,18476748
44224281,42538267,17703928,"2022-01-01",52423,5335,56673,"전국",707893,44276704,42594940,18411821
44173002,42488022,17156512,"2021-12-31",46646,5317,45494,"전국",517087,44219648,42533516,17673599
44120049,42437889,16618368,"2021-12-30",48807,5299,45847,"전국",510846,44168856,42483736,17129214
44069732,42389977,15995039,"2021-12-29",45453,5281,43013,"전국",587719,44115185,42432990,16582758
43989069,42320741,15226207,"2021-12-28",75170,5263,63684,"전국",726933,44064239,42384425,15953140
43979643,42312847,15198486,"2021-12-27",3247,5245,1574,"전국",23782,43982890,42314421,15222268
43969355,42307770,15136856,"2021-12-26",9912,5227,4790,"전국",58612,43979267,42312560,15195468
43889894,42264196,14336856,"2021-12-25",78717,5209,43219,"전국",777917,43968611,42307415,15114773
43805157,42225248,13740846,"2021-12-24",79148,5191,33891,"전국",563646,43884305,42259139,14304492
43709600,42181602,13118976,"2021-12-23",89757,5173,38216,"전국",590569,43799357,42219818,13709545
43629298,42138356,12420637,"2021-12-22",73863,5155,37324,"전국",661259,43703161,42175680,13081896
43501564,42079039,11570503,"2021-12-21",119334,5137,52293,"전국",807347,43620898,42131332,12377850
43487474,42068917,11535843,"2021-12-20",5851,5119,1743,"전국",29240,43493325,42070660,11565083
43417807,42028124,11003413,"2021-12-19",68273,5101,39911,"전국",524726,43486080,42068035,11528139
43309663,41947113,9814056,"2021-12-18",103315,5083,77194,"전국",1140821,43412978,42024307,10954877
43204838,41878501,8892921,"2021-12-17",95755,5065,60564,"전국",888243,43300593,41939065,9781164
43111124,41814781,7958446,"2021-12-16",86431,5047,56755,"전국",908452,43197555,41871536,8866898
43049835,41764822,7149679,"2021-12-15",54184,5029,43060,"전국",787801,43104019,41807882,7937480
42965958,41694809,6360361,"2021-12-14",75009,5011,61637,"전국",759587,43040967,41756446,7119948
42956696,41685793,6347647,"2021-12-13",1784,4993,1308,"전국",7772,42958480,41687101,6355419
42930491,41651198,6068258,"2021-12-12",26156,4975,34538,"전국",278964,42956647,41685736,6347222
42878268,41575351,5298064,"2021-12-11",50077,4957,73475,"전국",754680,42928345,41648826,6052744
42826359,41513882,4849819,"2021-12-10",44915,4939,54713,"전국",439915,42871274,41568595,5289734
42776731,41458373,4544343,"2021-12-09",45491,4921,51372,"전국",299154,42822222,41509745,4843497
42736641,41413945,4249027,"2021-12-08",37490,4903,41901,"전국",289494,42774131,41455846,4538521
42681696,41345083,3958653,"2021-12-07",51353,4885,65123,"전국",283796,42733049,41410206,4242449
42677047,41339925,3952751,"2021-12-06",1690,4867,1963,"전국",3650,42678737,41341888,3956401
42655385,41286814,3856241,"2021-12-05",21605,4849,53033,"전국",96368,42676990,41339847,3952609
42620731,41195402,3575157,"2021-12-04",33213,4831,89269,"전국",276997,42653944,41284671,3852154
42595791,41131960,3390583,"2021-12-03",22505,4813,60388,"전국",179831,42618296,41192348,3570414
42570146,41064184,3226397,"2021-12-02",23652,4795,65436,"전국",159424,42593798,41129620,3385821
42546417,41013146,3034621,"2021-12-01",21448,4777,48509,"전국",184517,42567865,41061655,3219138
42513564,40905177,2851899,"2021-11-30",31118,4759,106238,"전국",177325,42544682,41011415,3029224
42510156,40900976,2842836,"2021-11-29",965,4741,1777,"전국",2561,42511121,40902753,2845397
42477694,40855164,2771713,"2021-11-28",32431,4723,45760,"전국",70433,42510125,40900924,2842146
42421599,40767383,2478097,"2021-11-27",54302,4705,84823,"전국",284323,42475901,40852206,2762420
42371447,40697935,2271432,"2021-11-26",47564,4687,66613,"전국",193366,42419011,40764548,2464798
42322570,40634344,2111441,"2021-11-25",46778,4669,61577,"전국",152147,42369348,40695921,2263588
42292186,40588327,1965785,"2021-11-24",28236,4651,43631,"전국",136670,42320422,40631958,2102455
42240849,40497969,1813242,"2021-11-23",49198,4633,87611,"전국",145209,42290047,40585580,1958451
42237160,40493407,1807737,"2021-11-22",1375,4615,2126,"전국",1937,42238535,40495533,1809674
42210132,40454507,1766027,"2021-11-21",26988,4597,38846,"전국",41526,42237120,40493353,1807553
42160177,40377170,1613013,"2021-11-20",48145,4579,75206,"전국",150205,42208322,40452376,1763218
42113082,40315002,1482000,"2021-11-19",44684,4561,59442,"전국",126466,42157766,40374444,1608466
42065661,40246487,1346936,"2021-11-18",44991,4543,65899,"전국",129449,42110652,40312386,1476385
42029499,40196491,1205691,"2021-11-17",33249,4525,46728,"전국",136485,42062748,40243219,1342176
41965210,40105558,1041102,"2021-11-16",61500,4507,87466,"전국",160691,42026710,40193024,1201793
41960348,40099272,1037127,"2021-11-15",2281,4489,3311,"전국",2186,41962629,40102583,1039313
41905044,39998292,986583,"2021-11-14",55234,4471,100839,"전국",50403,41960278,40099131,1036986
41826486,39849263,843978,"2021-11-13",78120,4453,148147,"전국",141936,41904606,39997410,985914
41759991,39738325,736214,"2021-11-12",63175,4435,107068,"전국",105030,41823166,39845393,841244
41689296,39628944,641359,"2021-11-11",68404,4417,106636,"전국",92845,41757700,39735580,734204
41641306,39501023,540674,"2021-11-10",45537,4399,125011,"전국",99558,41686843,39626034,640232
41522679,39335162,356399,"2021-11-09",115687,4381,161647,"전국",182281,41638366,39496809,538680
41517974,39328170,355080,"2021-11-08",2160,4363,4320,"전국",639,41520134,39332490,355719
41472586,39265311,332901,"2021-11-07",45237,4345,62685,"전국",22155,41517823,39327996,355056
41401435,39102880,275103,"2021-11-06",68878,4327,158244,"전국",57095,41470313,39261124,332198
41338564,38976091,230262,"2021-11-05",60047,4309,123194,"전국",44331,41398611,39099285,274593
41271990,38898040,172987,"2021-11-04",64307,4291,75539,"전국",56585,41336297,38973579,229572
41227277,38808119,116364,"2021-11-03",42176,4273,87113,"전국",55974,41269453,38895232,172338
41141814,38686286,81896,"2021-11-02",82747,4255,118436,"전국",34010,41224561,38804722,115906
41136056,38660848,81224,"2021-11-01",2736,4237,20354,"전국",193,41138792,38681202,81417
41099894,38303341,77944,"2021-10-31",36103,4219,357137,"전국",3280,41135997,38660478,81224
41039143,37601761,68664,"2021-10-30",58513,4201,689085,"전국",9136,41097656,38290846,77800
40973956,36975677,59850,"2021-10-29",61941,4183,617785,"전국",8567,41035897,37593462,68417
40894082,36715234,47317,"2021-10-28",76802,4165,255616,"전국",12412,40970884,36970850,59729
40850783,36431541,34286,"2021-10-27",40305,4147,278236,"전국",12235,40891088,36709777,46521
40770450,35996202,25361,"2021-10-26",77434,4129,427919,"전국",8795,40847884,36424121,34156
40764384,35976328,25194,"2021-10-25",3730,4111,16380,"전국",2,40768114,35992708,25196
40713014,35642855,24702,"2021-10-24",51227,4093,332557,"전국",492,40764241,35975412,25194
40647284,35009036,18889,"2021-10-23",62946,4075,621014,"전국",5636,40710230,35630050,24525
40586309,34597983,13017,"2021-10-22",58594,4057,405795,"전국",4981,40644903,35003778,17998
40515521,34271438,9140,"2021-10-21",68492,4039,321965,"전국",3861,40584013,34593403,13001
40476314,33821739,7269,"2021-10-20",36777,4021,443345,"전국",1784,40513091,34265084,9053
40402877,33189677,5752,"2021-10-19",71635,4003,628733,"전국",1393,40474512,33818410,7145
40398773,33166732,5575,"2021-10-18",1489,3985,18883,"전국",0,40400262,33185615,5575
40334523,32812317,5485,"2021-10-17",63954,3967,353781,"전국",90,40398477,33166098,5575
40245160,32091462,3218,"2021-10-16",87867,3949,718818,"전국",2180,40333027,32810280,5398
40188671,31631228,1627,"2021-10-15",53758,3931,452660,"전국",1369,40242429,32083888,2996
40129084,31218008,516,"2021-10-14",56619,3913,407096,"전국",991,40185703,31625104,1507
40020307,30614670,0,"2021-10-13",104897,3895,594230,"전국",515,40125204,31208900,515
39923916,30445566,0,"2021-10-12",90817,3877,160482,"전국",0,40014733,30606048,0
39921024,30426651,0,"2021-10-11",2723,3859,18049,"전국",0,39923747,30444700,0
39910153,30322973,0,"2021-10-10",10766,3841,103426,"전국",0,39920919,30426399,0
39865342,29224027,0,"2021-10-09",43782,3823,1098170,"전국",0,39909124,30322197,0
39826227,28510014,0,"2021-10-08",36187,3805,710173,"전국",0,39862414,29220187,0
39787211,27996194,0,"2021-10-07",36770,3787,510161,"전국",0,39823981,28506355,0
39740778,27228258,0,"2021-10-06",44879,3769,765885,"전국",0,39785657,27994143,0
39714150,27016649,0,"2021-10-05",25355,3751,209328,"전국",0,39739505,27225977,0
39710596,26983001,0,"2021-10-04",3404,3733,33187,"전국",0,39714000,27016188,0
39585966,26576280,0,"2021-10-03",124504,3715,406444,"전국",0,39710470,26982724,0
39348997,25714715,0,"2021-10-02",236268,3697,859970,"전국",0,39585265,26574685,0
39003821,25171866,0,"2021-10-01",343752,3679,541143,"전국",0,39347573,25713009,0
38771229,24644127,0,"2021-09-30",231198,3661,526133,"전국",0,39002427,25170260,0
38512884,23953203,0,"2021-09-29",256982,3643,689322,"전국",0,38769866,24642525,0
38094666,23239931,0,"2021-09-28",416626,3625,711698,"전국",0,38511292,23951629,0
38065561,23214113,0,"2021-09-27",26392,3607,23804,"전국",0,38091953,23237917,0
37752508,22998962,0,"2021-09-26",312348,3589,214852,"전국",0,38064856,23213814,0
37135238,22584312,0,"2021-09-25",614616,3571,413458,"전국",0,37749854,22997770,0
36572002,22206411,0,"2021-09-24",560186,3553,375869,"전국",0,37132188,22582280,0
36542705,22188950,0,"2021-09-23",27400,3535,15791,"전국",0,36570105,22204741,0
36536084,22184710,0,"2021-09-22",6525,3517,4130,"전국",0,36542609,22188840,0
36506146,22170928,0,"2021-09-21",21683,3499,9572,"전국",0,36527829,22180500,0
36484737,22144971,0,"2021-09-20",20384,3481,24827,"전국",0,36505121,22169798,0
36077432,21934303,0,"2021-09-19",389587,3463,189093,"전국",0,36467019,22123396,0
35416905,21490030,0,"2021-09-18",658121,3445,442993,"전국",0,36075026,21933023,0
34986293,21176113,0,"2021-09-17",428223,3427,312896,"전국",0,35414516,21489009,0
34602817,20729117,0,"2021-09-16",374256,3409,438976,"전국",0,34977073,21168093,0
33982204,20486393,0,"2021-09-15",599970,3391,223890,"전국",0,34582174,20710283,0
33154081,20063402,0,"2021-09-14",825438,3373,422119,"전국",0,33979519,20485521,0
33131077,20036435,0,"2021-09-13",21645,3355,25443,"전국",0,33152722,20061878,0
32803577,19824771,0,"2021-09-12",326756,3337,211405,"전국",0,33130333,20036176,0
32150887,19407759,0,"2021-09-11",650079,3319,415720,"전국",0,32800966,19823479,0
31710830,19115907,0,"2021-09-10",438346,3301,290902,"전국",0,32149176,19406809,0
31324819,18808822,0,"2021-09-09",384948,3283,306200,"전국",0,31709767,19115022,0
30749873,18387528,0,"2021-09-08",573321,3265,420018,"전국",0,31323194,18807546,0
30006162,17752950,0,"2021-09-07",741052,3247,632986,"전국",0,30747214,18385936,0
29997154,17743836,0,"2021-09-06",8305,3229,7984,"전국",0,30005459,17751820,0
29878472,17483510,0,"2021-09-05",118347,3211,260139,"전국",0,29996819,17743649,0
29645299,16784836,0,"2021-09-04",232236,3193,698141,"전국",0,29877535,17482977,0
29458890,16284908,0,"2021-09-03",185574,3175,498924,"전국",0,29644464,16783832,0
29280198,15750196,0,"2021-09-02",177818,3157,533164,"전국",0,29458016,16283360,0
29032306,15220020,0,"2021-09-01",246806,3139,529356,"전국",0,29279112,15749376,0
28642467,14620085,0,"2021-08-31",388675,3121,598553,"전국",0,29031142,15218638,0
28624959,14603229,0,"2021-08-30",16120,3103,15842,"전국",0,28641079,14619071,0
28349072,14347973,0,"2021-08-29",273234,3085,254978,"전국",0,28622306,14602951,0
27746442,13797724,0,"2021-08-28",598603,3067,549112,"전국",0,28345045,14346836,0
27081089,13360105,0,"2021-08-27",646550,3049,420821,"전국",0,27727639,13780926,0
26706143,12885784,0,"2021-08-26",370493,3031,472455,"전국",0,27076636,13358239,0
26304537,12285768,0,"2021-08-25",397167,3013,598454,"전국",0,26701704,12884222,0
25918514,11568954,0,"2021-08-24",381675,2995,714780,"전국",0,26300189,12283734,0
25871413,11562880,0,"2021-08-23",39272,2977,2241,"전국",0,25910685,11565121,0
25507460,11439724,0,"2021-08-22",359510,2959,122794,"전국",0,25866970,11562518,0
24816715,11107393,0,"2021-08-21",685275,2941,331700,"전국",0,25501990,11439093,0
24311354,10813795,0,"2021-08-20",501043,2923,292232,"전국",0,24812397,11106027,0
23787137,10493895,0,"2021-08-19",518990,2905,318432,"전국",0,24306127,10812327,0
23061628,9998194,0,"2021-08-18",718883,2887,493672,"전국",0,23780511,10491866,0
22388519,9741561,0,"2021-08-17",661839,2869,255278,"전국",0,23050358,9996839,0
22369252,9735696,0,"2021-08-16",17721,2851,5559,"전국",0,22386973,9741255,0
22227969,9553668,0,"2021-08-15",140972,2833,182004,"전국",0,22368941,9735672,0
21984870,8933507,0,"2021-08-14",241514,2815,619155,"전국",0,22226384,9552662,0
21815395,8227001,0,"2021-08-13",166325,2797,705064,"전국",0,21981720,8932065,0
21637408,8063800,0,"2021-08-12",175763,2779,162616,"전국",0,21813171,8226416,0
21373726,7894715,0,"2021-08-11",261380,2761,168265,"전국",0,21635106,8062980,0
20937426,7721217,0,"2021-08-10",433768,2743,173134,"전국",0,21371194,7894351,0
20908482,7718812,0,"2021-08-09",27507,2725,2234,"전국",0,20935989,7721046,0
20787841,7683043,0,"2021-08-08",120403,2707,35760,"전국",0,20908244,7718803,0
20531820,7527413,0,"2021-08-07",254372,2689,155251,"전국",0,20786192,7682664,0
20338088,7400600,0,"2021-08-06",191478,2671,126304,"전국",0,20529566,7526904,0
20171328,7290594,0,"2021-08-05",164924,2653,109665,"전국",0,20336252,7400259,0
19950651,7183130,0,"2021-08-04",218941,2635,106529,"전국",0,20169592,7289659,0
19473657,7146602,0,"2021-08-03",473850,2617,35955,"전국",0,19947507,7182557,0
19444484,7145929,0,"2021-08-02",27892,2599,480,"전국",0,19472376,7146409,0
19229837,7132582,0,"2021-08-01",214283,2581,13340,"전국",0,19444120,7145922,0
18732968,7072638,0,"2021-07-31",495353,2563,58566,"전국",0,19228321,7131204,0
18383467,7022439,0,"2021-07-30",346234,2545,39069,"전국",0,18729701,7061508,0
17904284,6978568,0,"2021-07-29",477853,2527,40086,"전국",0,18382137,7018654,0
17522182,6928090,0,"2021-07-28",380756,2509,44580,"전국",0,17902938,6972670,0
16899171,6859173,0,"2021-07-27",617251,2491,58218,"전국",0,17516422,6917391,0
16891632,6858599,0,"2021-07-26",1492,2473,57,"전국",0,16893124,6858656,0
16864512,6847646,0,"2021-07-25",27041,2455,10942,"전국",0,16891553,6858588,0
16723806,6797840,0,"2021-07-24",140562,2437,49716,"전국",0,16864368,6847556,0
16583347,6738087,0,"2021-07-23",140190,2419,41104,"전국",0,16723537,6779191,0
16443830,6699411,0,"2021-07-22",139214,2401,23593,"전국",0,16583044,6723004,0
16292908,6639744,0,"2021-07-21",149984,2383,45095,"전국",0,16442892,6684839,0
16133418,6567201,0,"2021-07-20",158538,2347,46093,"전국",0,16291956,6613294,0
16054806,6565026,0,"2021-07-19",228,2329,446,"전국",0,16055034,6565472,0
16031653,6527332,0,"2021-07-18",23106,2311,36553,"전국",0,16054759,6563885,0
15914457,6348774,0,"2021-07-17",116932,2293,158333,"전국",0,16031389,6507107,0
15810029,6204664,0,"2021-07-16",103848,2275,122041,"전국",0,15913877,6326705,0
15716089,6081732,0,"2021-07-15",93550,2257,102000,"전국",0,15809639,6183732,0
15618505,5969183,0,"2021-07-14",105958,2239,89167,"전국",0,15724463,6058350,0
15587120,5874416,0,"2021-07-13",31182,2365,65958,"전국",0,15618302,5940374,0
15586467,5872306,0,"2021-07-12",470,2221,1103,"전국",0,15586937,5873409,0
15573684,5832464,0,"2021-07-11",12758,2203,39095,"전국",0,15586442,5871559,0
15515470,5684510,0,"2021-07-10",57846,2185,117487,"전국",0,15573316,5801997,0
15476802,5579843,0,"2021-07-09",37215,2167,74992,"전국",0,15514017,5654835,0
15440955,5491814,0,"2021-07-08",35064,2149,61306,"전국",0,15476019,5553120,0
15402244,5400522,0,"2021-07-07",37666,2131,62770,"전국",0,15439910,5463292,0
15347603,5326181,0,"2021-07-06",53758,2113,42046,"전국",0,15401361,5368227,0
15347214,5320977,0,"2021-07-05",0,2095,625,"전국",0,15347214,5321602,0
15346047,5303295,0,"2021-07-04",1150,2077,16659,"전국",0,15347197,5319954,0
15341363,5188067,0,"2021-07-03",3930,2059,83700,"전국",0,15345293,5271767,0
15336784,5069914,0,"2021-07-02",4043,2041,86635,"전국",0,15340827,5156549,0
15322128,4933545,0,"2021-07-01",14233,2023,107695,"전국",0,15336361,5041240,0
15305170,4789232,0,"2021-06-30",16084,2005,116230,"전국",0,15321254,4905462,0
15291417,4645673,0,"2021-06-29",12703,1987,112722,"전국",0,15304120,4758395,0
15290296,4643211,0,"2021-06-28",6,1969,740,"전국",0,15290302,4643951,0
15279057,4620427,0,"2021-06-27",11159,1951,22784,"전국",0,15290216,4643211,0
15216892,4522789,0,"2021-06-26",46333,1933,96129,"전국",0,15263225,4618918,0
15168599,4414987,0,"2021-06-25",31320,1915,106798,"전국",0,15199919,4521785,0
15121636,4294377,0,"2021-06-24",28485,1897,119117,"전국",0,15150121,4413494,0
15068519,4168857,0,"2021-06-23",30346,1879,123415,"전국",0,15098865,4292272,0
15019767,4051080,0,"2021-06-22",20231,1861,116453,"전국",0,15039998,4167533,0
15014314,4046808,0,"2021-06-21",505,1843,1038,"전국",0,15014819,4047846,0
14800465,4013089,0,"2021-06-20",211990,1825,33522,"전국",0,15012455,4046611,0
14261046,3886535,0,"2021-06-19",507319,1807,126036,"전국",0,14768365,4012571,0
13820058,3757067,0,"2021-06-18",412987,1789,127643,"전국",0,14233045,3884710,0
13250593,3474112,0,"2021-06-17",540248,1771,280928,"전국",0,13790841,3755040,0
12602026,3265037,0,"2021-06-16",617181,1753,207339,"전국",0,13219207,3472376,0
11833534,3006290,0,"2021-06-15",731735,1735,256443,"전국",0,12565269,3262733,0
11802900,2992255,0,"2021-06-14",27481,1717,11774,"전국",0,11830381,3004029,0
11416064,2874527,0,"2021-06-13",386223,1699,117602,"전국",0,11802287,2992129,0
10594421,2638114,0,"2021-06-12",792835,1681,235748,"전국",0,11387256,2873862,0
9832337,2350687,0,"2021-06-11",733067,1663,285448,"전국",0,10565404,2636135,0
9232076,2325957,0,"2021-06-10",562087,1645,23528,"전국",0,9794163,2349485,0
8487962,2300509,0,"2021-06-09",714384,1627,24750,"전국",0,9202346,2325259,0
7600157,2279997,0,"2021-06-08",855642,1609,19856,"전국",0,8455799,2299853,0
7595829,2279682,0,"2021-06-07",2958,1591,0,"전국",0,7598787,2279682,0
7456423,2277245,0,"2021-06-06",138649,1573,2351,"전국",0,7595072,2279596,0
7087965,2247553,0,"2021-06-05",367761,1555,29584,"전국",0,7455726,2277137,0
6743716,2221504,0,"2021-06-04",342576,1537,25504,"전국",0,7086292,2247008,0
6360442,2198499,0,"2021-06-03",381551,1519,22229,"전국",0,6741993,2220728,0
5793135,2172065,0,"2021-06-02",565377,1501,25945,"전국",0,6358512,2198010,0
5405968,2144272,0,"2021-06-01",385535,1483,27064,"전국",0,5791503,2171336,0
5399144,2143298,0,"2021-05-31",4710,1465,87,"전국",0,5403854,2143385,0
5235558,2134761,0,"2021-05-30",163457,1447,8532,"전국",0,5399015,2143293,0
4691736,2069844,0,"2021-05-29",542227,1429,63876,"전국",0,5233963,2133720,0
4031328,2014875,0,"2021-05-28",657192,1411,54002,"전국",0,4688520,2068877,0
3943579,1946983,0,"2021-05-27",87165,1393,65936,"전국",0,4030744,2012919,0
3865303,1853619,0,"2021-05-26",77472,1375,91598,"전국",0,3942775,1945217,0
3793492,1748792,0,"2021-05-25",71292,1357,101877,"전국",0,3864784,1850669,0
3792689,1743627,0,"2021-05-24",217,1339,2709,"전국",0,3792906,1746336,0
3787727,1708854,0,"2021-05-23",4933,1321,34583,"전국",0,3792660,1743437,0
3773806,1485612,0,"2021-05-22",13764,1303,221916,"전국",0,3787570,1707528,0
3761416,1275047,0,"2021-05-21",11183,1285,207795,"전국",0,3772599,1482842,0
3759157,1180516,0,"2021-05-20",1783,1267,92694,"전국",0,3760940,1273210,0
3747236,1040603,0,"2021-05-19",11822,1249,139678,"전국",0,3759058,1180281,0
3733928,940694,0,"2021-05-18",12006,1231,98948,"전국",0,3745934,1039642,0
3733801,935359,0,"2021-05-17",5,1213,4986,"전국",0,3733806,940345,0
3732527,905528,0,"2021-05-16",1269,1195,29829,"전국",0,3733796,935357,0
3721673,825715,0,"2021-05-15",9548,1177,79705,"전국",0,3731221,905420,0
3712844,747713,0,"2021-05-14",7139,1159,77987,"전국",0,3719983,825700,0
3706615,664817,0,"2021-05-13",4408,1141,82890,"전국",0,3711023,747707,0
3692628,584025,0,"2021-05-12",6029,1123,80788,"전국",0,3698657,664813,0
3684225,506462,0,"2021-05-11",8341,1105,77551,"전국",0,3692566,584013,0
3674726,501540,0,"2021-05-10",3,1087,4734,"전국",0,3674729,506274,0
3662751,473993,0,"2021-05-09",11931,1069,27546,"전국",0,3674682,501539,0
3623605,397204,0,"2021-05-08",38982,1051,76790,"전국",0,3662587,473994,0
3566651,323699,0,"2021-05-07",41965,1033,73491,"전국",0,3608616,397190,0
3555071,298195,0,"2021-05-06",5253,1015,25310,"전국",0,3560324,323505,0
3467507,267033,0,"2021-05-05",62507,997,31159,"전국",0,3530014,298192,0
3399988,236494,0,"2021-05-04",66920,979,30538,"전국",0,3466908,267032,0
3395303,236188,0,"2021-05-03",1561,961,301,"전국",0,3396864,236489,0
3355935,228476,0,"2021-05-02",39169,943,7712,"전국",0,3395104,236188,0
3066985,198744,0,"2021-05-01",259018,925,29655,"전국",0,3326003,228399,0
2814037,168724,0,"2021-04-30",241967,907,30010,"전국",0,3056004,198734,0
2588065,148286,0,"2021-04-29",220729,889,20435,"전국",0,2808794,168721,0
2410975,126506,0,"2021-04-28",175794,871,21776,"전국",0,2586769,148282,0
2268038,104905,0,"2021-04-27",141937,853,21598,"전국",0,2409975,126503,0
2260748,104538,0,"2021-04-26",6140,834,367,"전국",0,2266888,104905,0
2196295,98769,0,"2021-04-25",64344,815,5769,"전국",0,2260639,104538,0
2036911,79154,0,"2021-04-24",158581,796,19613,"전국",0,2195492,98767,0
1904934,60623,0,"2021-04-23",130615,777,18528,"전국",0,2035549,79151,0
1772539,60597,0,"2021-04-22",131228,758,25,"전국",0,1903767,60622,0
1641179,60586,0,"2021-04-21",130228,740,11,"전국",0,1771407,60597,0
1518256,60585,0,"2021-04-20",121234,722,1,"전국",0,1639490,60586,0
1512531,60585,0,"2021-04-19",4859,704,0,"전국",0,1517390,60585,0
1483338,60585,0,"2021-04-18",29165,686,0,"전국",0,1512503,60585,0
1380579,60571,0,"2021-04-17",102390,668,6,"전국",0,1482969,60577,0
1286993,60569,0,"2021-04-16",92660,650,2,"전국",0,1379653,60571,0
1240389,60567,0,"2021-04-15",45520,632,2,"전국",0,1285909,60569,0
1195676,60564,0,"2021-04-14",43390,614,3,"전국",0,1239066,60567,0
1157557,60532,0,"2021-04-13",37785,596,25,"전국",0,1195342,60557,0
1156950,60511,0,"2021-04-12",305,578,0,"전국",0,1157255,60511,0
1148240,59422,0,"2021-04-11",8710,560,1088,"전국",0,1156950,60510,0
1114656,52144,0,"2021-04-10",33404,542,7278,"전국",0,1148060,59422,0
1077067,42646,0,"2021-04-09",36599,524,9490,"전국",0,1113666,52136,0
1039714,33416,0,"2021-04-08",35860,506,9231,"전국",0,1075574,42647,0
1001533,27692,0,"2021-04-07",37533,488,5722,"전국",0,1039066,33414,0
963900,27375,0,"2021-04-06",35970,470,316,"전국",0,999870,27691,0
962101,27298,0,"2021-04-05",629,452,66,"전국",0,962730,27364,0
953854,26761,0,"2021-04-04",8229,434,537,"전국",0,962083,27298,0
915498,20203,0,"2021-04-03",38058,416,6177,"전국",0,953556,26380,0
877944,12974,0,"2021-04-02",36125,398,6881,"전국",0,914069,19855,0
853930,8187,0,"2021-04-01",22643,380,4786,"전국",0,876573,12973,0
823795,6151,0,"2021-03-31",28407,362,2034,"전국",0,852202,8185,0
795910,5232,0,"2021-03-30",26538,344,919,"전국",0,822448,6151,0
793955,5232,0,"2021-03-29",11,326,0,"전국",0,793966,5232,0
792802,5232,0,"2021-03-28",1056,308,0,"전국",0,793858,5232,0
769429,3833,0,"2021-03-27",22845,290,1399,"전국",0,792274,5232,0
734985,2691,0,"2021-03-26",32466,272,1142,"전국",0,767451,3833,0
704902,1498,0,"2021-03-25",28222,254,1193,"전국",0,733124,2691,0
683461,883,0,"2021-03-24",20151,236,615,"전국",0,703612,1498,0
677856,593,0,"2021-03-23",2704,217,290,"전국",0,680560,883,0
676606,313,0,"2021-03-22",1,199,280,"전국",0,676607,593,0
675648,0,0,"2021-03-21",939,181,313,"전국",0,676587,313,0
660294,0,0,"2021-03-20",15132,163,0,"전국",0,675426,0,0
641974,0,0,"2021-03-19",17501,145,0,"전국",0,659475,0,0
622598,0,0,"2021-03-18",18733,127,0,"전국",0,641331,0,0
603451,0,0,"2021-03-17",18283,109,0,"전국",0,621734,0,0
590228,0,0,"2021-03-16",11922,91,0,"전국",0,602150,0,0
587884,0,0,"2021-03-15",1074,73,0,"전국",0,588958,0,0
584397,0,0,"2021-03-14",3487,55,0,"전국",0,587884,0,0
547974,0,0,"2021-03-13",35684,37,0,"전국",0,583658,0,0
503750,0,0,"2021-03-12",42527,19,0,"전국",0,546277,0,0
449535,0,0,"2021-03-11",51100,1,0,"전국",0,500635,0,0
